step  PE  KE 
0 -3.311800e-18 3.181019e-18 1.056708e-18 1.062545e-18 1.061766e-18 
10 -3.311907e-18 3.181125e-18 1.056726e-18 1.062601e-18 1.061798e-18 
20 -3.325444e-18 3.181735e-18 1.056894e-18 1.062841e-18 1.062000e-18 
30 -3.326001e-18 3.181575e-18 1.056790e-18 1.062848e-18 1.061937e-18 
40 -3.326050e-18 3.181624e-18 1.056753e-18 1.062942e-18 1.061929e-18 
50 -3.325055e-18 3.180022e-18 1.056186e-18 1.062487e-18 1.061350e-18 
60 -3.322317e-18 3.177284e-18 1.055287e-18 1.061638e-18 1.060359e-18 
70 -3.316970e-18 3.175670e-18 1.054846e-18 1.061128e-18 1.059697e-18 
80 -3.307986e-18 3.166685e-18 1.052087e-18 1.058091e-18 1.056506e-18 
90 -3.294139e-18 3.167170e-18 1.052665e-18 1.058126e-18 1.056379e-18 
100 -3.274114e-18 3.147144e-18 1.046687e-18 1.051182e-18 1.049275e-18 
110 -3.246319e-18 3.153222e-18 1.049742e-18 1.052792e-18 1.050688e-18 
120 -3.208360e-18 3.116310e-18 1.038940e-18 1.039844e-18 1.037526e-18 
130 -3.160467e-18 3.133124e-18 1.046624e-18 1.044573e-18 1.041927e-18 
140 -3.100816e-18 3.073472e-18 1.029479e-18 1.023504e-18 1.020489e-18 
150 -3.027607e-18 3.107775e-18 1.044644e-18 1.033363e-18 1.029768e-18 
160 -2.953614e-18 3.022632e-18 1.020654e-18 1.003059e-18 9.989193e-19 
170 -2.855640e-18 3.083317e-18 1.046939e-18 1.020618e-18 1.015760e-18 
180 -2.746527e-18 2.978871e-18 1.018272e-18 9.828147e-19 9.777850e-19 
190 -2.637378e-18 3.071976e-18 1.057973e-18 1.009386e-18 1.004617e-18 
200 -2.535796e-18 2.970028e-18 1.031199e-18 9.708033e-19 9.680266e-19 
210 -2.448096e-18 3.092784e-18 1.082332e-18 1.004592e-18 1.005860e-18 
220 -2.389784e-18 3.031503e-18 1.068583e-18 9.772767e-19 9.856435e-19 
230 -2.367963e-18 3.153455e-18 1.117957e-18 1.008056e-18 1.027443e-18 
240 -2.383663e-18 3.164153e-18 1.126242e-18 1.002338e-18 1.035573e-18 
250 -2.434242e-18 3.228079e-18 1.151591e-18 1.013282e-18 1.063205e-18 
260 -2.512835e-18 3.304875e-18 1.179992e-18 1.028431e-18 1.096452e-18 
270 -2.609683e-18 3.276744e-18 1.169827e-18 1.011667e-18 1.095250e-18 
280 -2.717170e-18 3.383279e-18 1.207059e-18 1.037656e-18 1.138565e-18 
290 -2.822300e-18 3.286278e-18 1.171296e-18 1.002478e-18 1.112505e-18 
300 -2.922988e-18 3.386184e-18 1.205506e-18 1.028892e-18 1.151786e-18 
310 -3.009141e-18 3.266694e-18 1.161384e-18 9.899984e-19 1.115312e-18 
320 -3.079222e-18 3.336301e-18 1.184240e-18 1.009864e-18 1.142196e-18 
330 -3.127740e-18 3.229432e-18 1.144012e-18 9.776341e-19 1.107786e-18 
340 -3.155193e-18 3.255938e-18 1.150500e-18 9.870542e-19 1.118384e-18 
350 -3.160019e-18 3.185473e-18 1.122013e-18 9.682372e-19 1.095223e-18 
360 -3.147083e-18 3.171562e-18 1.112772e-18 9.675520e-19 1.091238e-18 
370 -3.122130e-18 3.155395e-18 1.102017e-18 9.670495e-19 1.086329e-18 
380 -3.093910e-18 3.126740e-18 1.086141e-18 9.637010e-19 1.076898e-18 
390 -3.070435e-18 3.156735e-18 1.089602e-18 9.798392e-19 1.087294e-18 
400 -3.056055e-18 3.141612e-18 1.076033e-18 9.838615e-19 1.081717e-18 
410 -3.051148e-18 3.175907e-18 1.077855e-18 1.005277e-18 1.092776e-18 
420 -3.053911e-18 3.178735e-18 1.067790e-18 1.018357e-18 1.092589e-18 
430 -3.060919e-18 3.187921e-18 1.059696e-18 1.034252e-18 1.093974e-18 
440 -3.068607e-18 3.194322e-18 1.051638e-18 1.049159e-18 1.093525e-18 
450 -3.070348e-18 3.182927e-18 1.039704e-18 1.057255e-18 1.085967e-18 
460 -3.066284e-18 3.178119e-18 1.032546e-18 1.065829e-18 1.079745e-18 
470 -3.055411e-18 3.169776e-18 1.026926e-18 1.070960e-18 1.071890e-18 
480 -3.041315e-18 3.154635e-18 1.021147e-18 1.071103e-18 1.062384e-18 
490 -3.025586e-18 3.165054e-18 1.024398e-18 1.076989e-18 1.063667e-18 
500 -3.011275e-18 3.150541e-18 1.018996e-18 1.071464e-18 1.060081e-18 
510 -2.999289e-18 3.168457e-18 1.022876e-18 1.074297e-18 1.071284e-18 
520 -2.989563e-18 3.157785e-18 1.016600e-18 1.065389e-18 1.075796e-18 
530 -2.981382e-18 3.173008e-18 1.018572e-18 1.064268e-18 1.090168e-18 
540 -2.978458e-18 3.169646e-18 1.015272e-18 1.057301e-18 1.097073e-18 
550 -2.980823e-18 3.183686e-18 1.018689e-18 1.057571e-18 1.107426e-18 
560 -2.988463e-18 3.191121e-18 1.021201e-18 1.057076e-18 1.112844e-18 
570 -2.997098e-18 3.189753e-18 1.021887e-18 1.054322e-18 1.113544e-18 
580 -3.004171e-18 3.196319e-18 1.025612e-18 1.054012e-18 1.116695e-18 
590 -3.007390e-18 3.183934e-18 1.022999e-18 1.046929e-18 1.114006e-18 
600 -3.007637e-18 3.184115e-18 1.023329e-18 1.043873e-18 1.116913e-18 
610 -3.006638e-18 3.180189e-18 1.020724e-18 1.040518e-18 1.118948e-18 
620 -3.005236e-18 3.178854e-18 1.017513e-18 1.040271e-18 1.121070e-18 
630 -3.003168e-18 3.178511e-18 1.014044e-18 1.043006e-18 1.121460e-18 
640 -2.999438e-18 3.175154e-18 1.010152e-18 1.047028e-18 1.117974e-18 
650 -2.997367e-18 3.178882e-18 1.009848e-18 1.055061e-18 1.113972e-18 
660 -2.998862e-18 3.180276e-18 1.010218e-18 1.063453e-18 1.106605e-18 
670 -3.004131e-18 3.186624e-18 1.013083e-18 1.074109e-18 1.099432e-18 
680 -3.012219e-18 3.194676e-18 1.016933e-18 1.085426e-18 1.092318e-18 
690 -3.019054e-18 3.188020e-18 1.016570e-18 1.091188e-18 1.080262e-18 
700 -3.021111e-18 3.190616e-18 1.020052e-18 1.098792e-18 1.071772e-18 
710 -3.017659e-18 3.177804e-18 1.019938e-18 1.099059e-18 1.058807e-18 
720 -3.009699e-18 3.169777e-18 1.022823e-18 1.098558e-18 1.048397e-18 
730 -2.999549e-18 3.170634e-18 1.029802e-18 1.099021e-18 1.041811e-18 
740 -2.990512e-18 3.161262e-18 1.034035e-18 1.094960e-18 1.032267e-18 
750 -2.985378e-18 3.176258e-18 1.045946e-18 1.099869e-18 1.030443e-18 
760 -2.988738e-18 3.178876e-18 1.052757e-18 1.101900e-18 1.024219e-18 
770 -2.999845e-18 3.191651e-18 1.061532e-18 1.108580e-18 1.021539e-18 
780 -3.016274e-18 3.207704e-18 1.070078e-18 1.116604e-18 1.021022e-18 
790 -3.032482e-18 3.197053e-18 1.068558e-18 1.114971e-18 1.013525e-18 
800 -3.042954e-18 3.207457e-18 1.072876e-18 1.120549e-18 1.014033e-18 
810 -3.044310e-18 3.182916e-18 1.064080e-18 1.114510e-18 1.004326e-18 
820 -3.038338e-18 3.177419e-18 1.059980e-18 1.116409e-18 1.001031e-18 
830 -3.029417e-18 3.171762e-18 1.054192e-18 1.119747e-18 9.978241e-19 
840 -3.020381e-18 3.162455e-18 1.046075e-18 1.122873e-18 9.935070e-19 
850 -3.012276e-18 3.172777e-18 1.044289e-18 1.133188e-18 9.953013e-19 
860 -3.004135e-18 3.164398e-18 1.037064e-18 1.136134e-18 9.912005e-19 
870 -2.994808e-18 3.171591e-18 1.035934e-18 1.143371e-18 9.922858e-19 
880 -2.985390e-18 3.162784e-18 1.030079e-18 1.143558e-18 9.891470e-19 
890 -2.980761e-18 3.176492e-18 1.031336e-18 1.151155e-18 9.940016e-19 
900 -2.984005e-18 3.179365e-18 1.028671e-18 1.154519e-18 9.961753e-19 
910 -2.995371e-18 3.192046e-18 1.029691e-18 1.160532e-18 1.001822e-18 
920 -3.013633e-18 3.210138e-18 1.034507e-18 1.166248e-18 1.009383e-18 
930 -3.036521e-18 3.203734e-18 1.034612e-18 1.159869e-18 1.009253e-18 
940 -3.059543e-18 3.226889e-18 1.047434e-18 1.161295e-18 1.018159e-18 
950 -3.077910e-18 3.199755e-18 1.046285e-18 1.142833e-18 1.010638e-18 
960 -3.089520e-18 3.211602e-18 1.059306e-18 1.137709e-18 1.014587e-18 
970 -3.094889e-18 3.186119e-18 1.060744e-18 1.119613e-18 1.005763e-18 
980 -3.095419e-18 3.186651e-18 1.070566e-18 1.111734e-18 1.004351e-18 
990 -3.094217e-18 3.179513e-18 1.076336e-18 1.102934e-18 1.000243e-18 
1000 -3.091862e-18 3.177496e-18 1.081067e-18 1.098255e-18 9.981744e-19 
1010 -3.088912e-18 3.178134e-18 1.083238e-18 1.097091e-18 9.978049e-19 
1020 -3.083731e-18 3.172817e-18 1.080110e-18 1.096568e-18 9.961391e-19 
1030 -3.074323e-18 3.171982e-18 1.076069e-18 1.100412e-18 9.955013e-19 
1040 -3.061074e-18 3.159545e-18 1.066665e-18 1.103001e-18 9.898789e-19 
1050 -3.047574e-18 3.167284e-18 1.063602e-18 1.114783e-18 9.888998e-19 
1060 -3.035722e-18 3.155367e-18 1.054185e-18 1.120627e-18 9.805552e-19 
1070 -3.027590e-18 3.173258e-18 1.055165e-18 1.136999e-18 9.810943e-19 
1080 -3.024745e-18 3.170141e-18 1.049226e-18 1.145580e-18 9.753353e-19 
1090 -3.023770e-18 3.180276e-18 1.047682e-18 1.158565e-18 9.740288e-19 
1100 -3.021379e-18 3.177646e-18 1.042642e-18 1.165805e-18 9.691985e-19 
1110 -3.014324e-18 3.173490e-18 1.038871e-18 1.169976e-18 9.646426e-19 
1120 -3.002917e-18 3.162255e-18 1.035441e-18 1.167220e-18 9.595948e-19 
1130 -2.992624e-18 3.170932e-18 1.041949e-18 1.165777e-18 9.632061e-19 
1140 -2.988133e-18 3.166509e-18 1.047966e-18 1.153554e-18 9.649891e-19 
1150 -2.989501e-18 3.182858e-18 1.064034e-18 1.145507e-18 9.733170e-19 
1160 -2.995003e-18 3.188494e-18 1.077693e-18 1.133492e-18 9.773086e-19 
1170 -3.002476e-18 3.188356e-18 1.087705e-18 1.121978e-18 9.786733e-19 
1180 -3.010767e-18 3.196816e-18 1.096973e-18 1.117153e-18 9.826890e-19 
1190 -3.019112e-18 3.188888e-18 1.096970e-18 1.109111e-18 9.828066e-19 
1200 -3.023680e-18 3.193050e-18 1.098783e-18 1.105344e-18 9.889228e-19 
1210 -3.022518e-18 3.180332e-18 1.093618e-18 1.094094e-18 9.926201e-19 
1220 -3.019988e-18 3.177197e-18 1.091398e-18 1.084303e-18 1.001496e-18 
1230 -3.017777e-18 3.178944e-18 1.091478e-18 1.074797e-18 1.012669e-18 
1240 -3.017958e-18 3.179734e-18 1.092607e-18 1.064304e-18 1.022823e-18 
1250 -3.022050e-18 3.185179e-18 1.096409e-18 1.056101e-18 1.032669e-18 
1260 -3.030744e-18 3.193805e-18 1.101278e-18 1.051665e-18 1.040863e-18 
1270 -3.044302e-18 3.194845e-18 1.102940e-18 1.048535e-18 1.043369e-18 
1280 -3.060720e-18 3.211326e-18 1.110032e-18 1.053366e-18 1.047928e-18 
1290 -3.074217e-18 3.194478e-18 1.106697e-18 1.048337e-18 1.039443e-18 
1300 -3.079719e-18 3.199573e-18 1.112184e-18 1.050445e-18 1.036944e-18 
1310 -3.074031e-18 3.175433e-18 1.107776e-18 1.042715e-18 1.024942e-18 
1320 -3.059802e-18 3.161444e-18 1.105522e-18 1.038366e-18 1.017555e-18 
1330 -3.042850e-18 3.164340e-18 1.106088e-18 1.040033e-18 1.018220e-18 
1340 -3.028946e-18 3.150404e-18 1.096669e-18 1.037352e-18 1.016383e-18 
1350 -3.019080e-18 3.171117e-18 1.095444e-18 1.048193e-18 1.027481e-18 
1360 -3.012583e-18 3.164452e-18 1.082260e-18 1.052379e-18 1.029813e-18 
1370 -3.009715e-18 3.177677e-18 1.075489e-18 1.064545e-18 1.037643e-18 
1380 -3.009663e-18 3.177962e-18 1.065761e-18 1.072161e-18 1.040039e-18 
1390 -3.012253e-18 3.183878e-18 1.060307e-18 1.080224e-18 1.043346e-18 
1400 -3.016193e-18 3.187953e-18 1.056881e-18 1.085489e-18 1.045583e-18 
1410 -3.021334e-18 3.185989e-18 1.054459e-18 1.085906e-18 1.045624e-18 
1420 -3.026759e-18 3.191413e-18 1.057885e-18 1.085699e-18 1.047830e-18 
1430 -3.030783e-18 3.185109e-18 1.060507e-18 1.078748e-18 1.045854e-18 
1440 -3.031492e-18 3.185952e-18 1.067382e-18 1.072654e-18 1.045916e-18 
1450 -3.029024e-18 3.178451e-18 1.071969e-18 1.063687e-18 1.042795e-18 
1460 -3.024691e-18 3.174052e-18 1.077072e-18 1.057141e-18 1.039839e-18 
1470 -3.021045e-18 3.177138e-18 1.083454e-18 1.055647e-18 1.038036e-18 
1480 -3.019499e-18 3.176031e-18 1.086660e-18 1.055887e-18 1.033483e-18 
1490 -3.022075e-18 3.183356e-18 1.090860e-18 1.061581e-18 1.030916e-18 
1500 -3.026287e-18 3.187871e-18 1.092452e-18 1.067702e-18 1.027717e-18 
1510 -3.030728e-18 3.185763e-18 1.090602e-18 1.071652e-18 1.023510e-18 
1520 -3.034604e-18 3.189335e-18 1.090026e-18 1.076709e-18 1.022599e-18 
1530 -3.037306e-18 3.183214e-18 1.085795e-18 1.077224e-18 1.020195e-18 
1540 -3.039292e-18 3.185168e-18 1.084011e-18 1.078739e-18 1.022418e-18 
1550 -3.042358e-18 3.184017e-18 1.080700e-18 1.076990e-18 1.026326e-18 
1560 -3.045499e-18 3.187494e-18 1.078464e-18 1.074530e-18 1.034500e-18 
1570 -3.047142e-18 3.182186e-18 1.072891e-18 1.067666e-18 1.041629e-18 
1580 -3.043341e-18 3.178656e-18 1.067406e-18 1.061586e-18 1.049663e-18 
1590 -3.035749e-18 3.173665e-18 1.060198e-18 1.057022e-18 1.056444e-18 
1600 -3.028409e-18 3.166056e-18 1.050196e-18 1.054721e-18 1.061139e-18 
1610 -3.023657e-18 3.175726e-18 1.044397e-18 1.060887e-18 1.070443e-18 
1620 -3.020547e-18 3.172581e-18 1.034412e-18 1.063714e-18 1.074455e-18 
1630 -3.018334e-18 3.178805e-18 1.029109e-18 1.068838e-18 1.080858e-18 
1640 -3.016370e-18 3.177011e-18 1.023376e-18 1.069800e-18 1.083835e-18 
1650 -3.014661e-18 3.179309e-18 1.020867e-18 1.071240e-18 1.087202e-18 
1660 -3.012079e-18 3.176557e-18 1.018173e-18 1.071277e-18 1.087107e-18 
1670 -3.006720e-18 3.175523e-18 1.017036e-18 1.073261e-18 1.085226e-18 
1680 -2.997459e-18 3.166330e-18 1.013770e-18 1.074307e-18 1.078252e-18 
1690 -2.985244e-18 3.169007e-18 1.014201e-18 1.081049e-18 1.073758e-18 
1700 -2.972814e-18 3.156883e-18 1.009351e-18 1.084027e-18 1.063504e-18 
1710 -2.963417e-18 3.171758e-18 1.012484e-18 1.097370e-18 1.061904e-18 
1720 -2.959507e-18 3.167443e-18 1.009102e-18 1.105167e-18 1.053174e-18 
1730 -2.960757e-18 3.182199e-18 1.012100e-18 1.120259e-18 1.049841e-18 
1740 -2.966446e-18 3.187717e-18 1.013350e-18 1.131583e-18 1.042785e-18 
1750 -2.972905e-18 3.187778e-18 1.014600e-18 1.138825e-18 1.034353e-18 
1760 -2.976676e-18 3.191072e-18 1.018148e-18 1.143954e-18 1.028970e-18 
1770 -2.972449e-18 3.176993e-18 1.015805e-18 1.139554e-18 1.021634e-18 
1780 -2.961047e-18 3.165966e-18 1.012109e-18 1.133922e-18 1.019936e-18 
1790 -2.947880e-18 3.167990e-18 1.009328e-18 1.131903e-18 1.026759e-18 
1800 -2.939366e-18 3.159208e-18 1.000643e-18 1.125711e-18 1.032854e-18 
1810 -2.936623e-18 3.178950e-18 9.999902e-19 1.129614e-18 1.049346e-18 
1820 -2.939486e-18 3.182150e-18 9.938983e-19 1.127892e-18 1.060360e-18 
1830 -2.945702e-18 3.186962e-18 9.881187e-19 1.127720e-18 1.071124e-18 
1840 -2.952159e-18 3.193114e-18 9.823776e-19 1.129604e-18 1.081132e-18 
1850 -2.956763e-18 3.185622e-18 9.723867e-19 1.128089e-18 1.085146e-18 
1860 -2.960304e-18 3.188963e-18 9.668636e-19 1.130850e-18 1.091249e-18 
1870 -2.965293e-18 3.185637e-18 9.624545e-19 1.130341e-18 1.092842e-18 
1880 -2.972951e-18 3.193632e-18 9.661810e-19 1.132016e-18 1.095435e-18 
1890 -2.982723e-18 3.191126e-18 9.712845e-19 1.128180e-18 1.091661e-18 
1900 -2.992555e-18 3.200891e-18 9.835070e-19 1.127623e-18 1.089761e-18 
1910 -3.001180e-18 3.189577e-18 9.918017e-19 1.119367e-18 1.078409e-18 
1920 -3.008231e-18 3.196662e-18 1.007754e-18 1.117877e-18 1.071030e-18 
1930 -3.013741e-18 3.186021e-18 1.019382e-18 1.110754e-18 1.055886e-18 
1940 -3.017147e-18 3.189463e-18 1.035901e-18 1.109148e-18 1.044414e-18 
1950 -3.020421e-18 3.184799e-18 1.049369e-18 1.105257e-18 1.030174e-18 
1960 -3.025514e-18 3.189924e-18 1.064795e-18 1.105293e-18 1.019837e-18 
1970 -3.029603e-18 3.185205e-18 1.075076e-18 1.102507e-18 1.007622e-18 
1980 -3.028742e-18 3.184309e-18 1.084423e-18 1.101626e-18 9.982605e-19 
1990 -3.021229e-18 3.173440e-18 1.087730e-18 1.097824e-18 9.878864e-19 
