2000 -3.010811e-18 3.162281e-18 1.087605e-18 1.094572e-18 9.801051e-19 
2010 -3.000467e-18 3.170777e-18 1.090833e-18 1.098922e-18 9.810225e-19 
2020 -2.994024e-18 3.163759e-18 1.087143e-18 1.098237e-18 9.783792e-19 
2030 -2.990451e-18 3.177309e-18 1.092584e-18 1.103833e-18 9.808920e-19 
2040 -2.988779e-18 3.175399e-18 1.097694e-18 1.102179e-18 9.755252e-19 
2050 -2.986645e-18 3.179156e-18 1.109001e-18 1.100291e-18 9.698642e-19 
2060 -2.986109e-18 3.178892e-18 1.118824e-18 1.094601e-18 9.654671e-19 
2070 -2.988674e-18 3.183446e-18 1.126468e-18 1.088340e-18 9.686368e-19 
2080 -2.988892e-18 3.183561e-18 1.128547e-18 1.079794e-18 9.752197e-19 
2090 -2.982933e-18 3.175298e-18 1.124936e-18 1.069491e-18 9.808710e-19 
2100 -2.974189e-18 3.166592e-18 1.119057e-18 1.061372e-18 9.861639e-19 
2110 -2.967636e-18 3.174637e-18 1.117364e-18 1.061609e-18 9.956645e-19 
2120 -2.967217e-18 3.174354e-18 1.111840e-18 1.061286e-18 1.001229e-18 
2130 -2.973964e-18 3.187798e-18 1.111534e-18 1.066500e-18 1.009764e-18 
2140 -2.987107e-18 3.200602e-18 1.112690e-18 1.071046e-18 1.016866e-18 
2150 -3.003946e-18 3.198092e-18 1.111069e-18 1.069049e-18 1.017975e-18 
2160 -3.023204e-18 3.217789e-18 1.120005e-18 1.072732e-18 1.025052e-18 
2170 -3.043752e-18 3.201530e-18 1.119167e-18 1.062955e-18 1.019408e-18 
2180 -3.063414e-18 3.220685e-18 1.133165e-18 1.064118e-18 1.023402e-18 
2190 -3.078163e-18 3.196510e-18 1.133764e-18 1.050998e-18 1.011748e-18 
2200 -3.089305e-18 3.207552e-18 1.147437e-18 1.050577e-18 1.009538e-18 
2210 -3.096790e-18 3.188301e-18 1.149306e-18 1.042465e-18 9.965301e-19 
2220 -3.101760e-18 3.193507e-18 1.157472e-18 1.045572e-18 9.904632e-19 
2230 -3.104796e-18 3.184932e-18 1.157497e-18 1.047391e-18 9.800442e-19 
2240 -3.106318e-18 3.186249e-18 1.158468e-18 1.054139e-18 9.736426e-19 
2250 -3.103110e-18 3.177166e-18 1.154201e-18 1.056956e-18 9.660090e-19 
2260 -3.092192e-18 3.166113e-18 1.148782e-18 1.057395e-18 9.599355e-19 
2270 -3.074088e-18 3.162476e-18 1.146061e-18 1.058538e-18 9.578766e-19 
2280 -3.050335e-18 3.138962e-18 1.135920e-18 1.051566e-18 9.514759e-19 
2290 -3.026429e-18 3.156879e-18 1.139589e-18 1.057749e-18 9.595405e-19 
2300 -3.006597e-18 3.137590e-18 1.127122e-18 1.052438e-18 9.580298e-19 
2310 -2.994978e-18 3.169194e-18 1.129442e-18 1.066295e-18 9.734569e-19 
2320 -2.987417e-18 3.162340e-18 1.115784e-18 1.067782e-18 9.787738e-19 
2330 -2.981291e-18 3.174958e-18 1.109479e-18 1.073686e-18 9.917939e-19 
2340 -2.973944e-18 3.167984e-18 1.099172e-18 1.069608e-18 9.992039e-19 
2350 -2.966360e-18 3.173705e-18 1.097459e-18 1.067195e-18 1.009051e-18 
2360 -2.960368e-18 3.167850e-18 1.096065e-18 1.060070e-18 1.011715e-18 
2370 -2.957945e-18 3.178291e-18 1.103802e-18 1.059461e-18 1.015029e-18 
2380 -2.959568e-18 3.179171e-18 1.110375e-18 1.057810e-18 1.010986e-18 
2390 -2.963467e-18 3.185120e-18 1.119721e-18 1.059908e-18 1.005491e-18 
2400 -2.969440e-18 3.191396e-18 1.129467e-18 1.063305e-18 9.986249e-19 
2410 -2.975910e-18 3.187283e-18 1.134983e-18 1.063741e-18 9.885594e-19 
2420 -2.979768e-18 3.190838e-18 1.141543e-18 1.067169e-18 9.821267e-19 
2430 -2.979419e-18 3.181212e-18 1.140861e-18 1.066767e-18 9.735836e-19 
2440 -2.979345e-18 3.180905e-18 1.140991e-18 1.069946e-18 9.699678e-19 
2450 -2.983044e-18 3.184177e-18 1.140613e-18 1.074455e-18 9.691095e-19 
2460 -2.990388e-18 3.191553e-18 1.140680e-18 1.080321e-18 9.705514e-19 
2470 -2.999563e-18 3.189583e-18 1.136839e-18 1.083181e-18 9.695635e-19 
2480 -3.006441e-18 3.196156e-18 1.135889e-18 1.089332e-18 9.709359e-19 
2490 -3.009910e-18 3.184590e-18 1.128839e-18 1.089705e-18 9.660452e-19 
2500 -3.011617e-18 3.186062e-18 1.127142e-18 1.094684e-18 9.642353e-19 
2510 -3.012705e-18 3.182073e-18 1.124283e-18 1.097471e-18 9.603183e-19 
2520 -3.014711e-18 3.184452e-18 1.124189e-18 1.101432e-18 9.588309e-19 
2530 -3.020102e-18 3.186139e-18 1.123993e-18 1.103354e-18 9.587930e-19 
2540 -3.028506e-18 3.194780e-18 1.126128e-18 1.105299e-18 9.633535e-19 
2550 -3.039142e-18 3.192293e-18 1.124152e-18 1.100959e-18 9.671821e-19 
2560 -3.050080e-18 3.202891e-18 1.126513e-18 1.099381e-18 9.769967e-19 
2570 -3.056600e-18 3.186928e-18 1.118904e-18 1.088202e-18 9.798223e-19 
2580 -3.056505e-18 3.186565e-18 1.115577e-18 1.083326e-18 9.876621e-19 
2590 -3.051956e-18 3.176303e-18 1.107126e-18 1.077098e-18 9.920790e-19 
2600 -3.046861e-18 3.171345e-18 1.099057e-18 1.074712e-18 9.975765e-19 
2610 -3.044374e-18 3.179107e-18 1.095045e-18 1.077536e-18 1.006526e-18 
2620 -3.045790e-18 3.180690e-18 1.090117e-18 1.077841e-18 1.012732e-18 
2630 -3.048839e-18 3.184371e-18 1.088141e-18 1.077986e-18 1.018244e-18 
2640 -3.052326e-18 3.187790e-18 1.088198e-18 1.077700e-18 1.021891e-18 
2650 -3.054923e-18 3.183682e-18 1.086806e-18 1.075564e-18 1.021312e-18 
2660 -3.056187e-18 3.185116e-18 1.087056e-18 1.077092e-18 1.020967e-18 
2670 -3.056359e-18 3.180886e-18 1.084036e-18 1.079131e-18 1.017719e-18 
2680 -3.053793e-18 3.178894e-18 1.080151e-18 1.083911e-18 1.014832e-18 
2690 -3.049231e-18 3.176421e-18 1.074994e-18 1.088857e-18 1.012570e-18 
2700 -3.040731e-18 3.168090e-18 1.067455e-18 1.090269e-18 1.010366e-18 
2710 -3.028511e-18 3.168766e-18 1.063101e-18 1.092465e-18 1.013200e-18 
2720 -3.015638e-18 3.155119e-18 1.054629e-18 1.088067e-18 1.012423e-18 
2730 -3.005055e-18 3.170234e-18 1.056842e-18 1.093432e-18 1.019960e-18 
2740 -2.999848e-18 3.165265e-18 1.053241e-18 1.092836e-18 1.019188e-18 
2750 -3.000220e-18 3.181355e-18 1.056949e-18 1.100352e-18 1.024054e-18 
2760 -3.003704e-18 3.184330e-18 1.055984e-18 1.103310e-18 1.025036e-18 
2770 -3.006729e-18 3.183671e-18 1.052962e-18 1.104509e-18 1.026200e-18 
2780 -3.006444e-18 3.183486e-18 1.048636e-18 1.105664e-18 1.029187e-18 
2790 -3.002458e-18 3.176423e-18 1.040019e-18 1.104874e-18 1.031530e-18 
2800 -2.993479e-18 3.167208e-18 1.028423e-18 1.104248e-18 1.034537e-18 
2810 -2.981235e-18 3.168675e-18 1.018254e-18 1.108235e-18 1.042186e-18 
2820 -2.969849e-18 3.156650e-18 1.002545e-18 1.107896e-18 1.046209e-18 
2830 -2.961390e-18 3.173168e-18 9.961811e-19 1.117306e-18 1.059681e-18 
2840 -2.959594e-18 3.171439e-18 9.861787e-19 1.119629e-18 1.065631e-18 
2850 -2.962939e-18 3.184666e-18 9.846265e-19 1.126589e-18 1.073451e-18 
2860 -2.970986e-18 3.192341e-18 9.861518e-19 1.131005e-18 1.075184e-18 
2870 -2.981623e-18 3.191924e-18 9.903137e-19 1.131344e-18 1.070266e-18 
2880 -2.994014e-18 3.204449e-18 1.003135e-18 1.134055e-18 1.067259e-18 
2890 -3.006156e-18 3.193025e-18 1.011532e-18 1.125891e-18 1.055603e-18 
2900 -3.017476e-18 3.204110e-18 1.027687e-18 1.124281e-18 1.052141e-18 
2910 -3.029367e-18 3.192301e-18 1.035009e-18 1.114354e-18 1.042938e-18 
2920 -3.041080e-18 3.204284e-18 1.047554e-18 1.112444e-18 1.044286e-18 
2930 -3.052250e-18 3.192627e-18 1.049993e-18 1.101023e-18 1.041611e-18 
2940 -3.060881e-18 3.201797e-18 1.057258e-18 1.094864e-18 1.049675e-18 
2950 -3.065003e-18 3.185207e-18 1.054422e-18 1.078409e-18 1.052376e-18 
2960 -3.063151e-18 3.183628e-18 1.055316e-18 1.066542e-18 1.061769e-18 
2970 -3.058509e-18 3.176244e-18 1.053398e-18 1.052906e-18 1.069940e-18 
2980 -3.055894e-18 3.173565e-18 1.052465e-18 1.041605e-18 1.079495e-18 
2990 -3.059272e-18 3.184734e-18 1.055525e-18 1.036567e-18 1.092642e-18 
3000 -3.068706e-18 3.194402e-18 1.057029e-18 1.033859e-18 1.103514e-18 
3010 -3.080264e-18 3.191931e-18 1.053250e-18 1.030157e-18 1.108523e-18 
3020 -3.087978e-18 3.199441e-18 1.052080e-18 1.031376e-18 1.115984e-18 
3030 -3.090723e-18 3.183833e-18 1.043612e-18 1.025464e-18 1.114757e-18 
3040 -3.090356e-18 3.183501e-18 1.041217e-18 1.024306e-18 1.117978e-18 
3050 -3.088148e-18 3.179317e-18 1.038743e-18 1.022238e-18 1.118336e-18 
3060 -3.085621e-18 3.176926e-18 1.037689e-18 1.022008e-18 1.117229e-18 
3070 -3.082519e-18 3.177950e-18 1.038314e-18 1.024770e-18 1.114866e-18 
3080 -3.079054e-18 3.174553e-18 1.038268e-18 1.027898e-18 1.108387e-18 
3090 -3.076247e-18 3.177568e-18 1.041257e-18 1.034252e-18 1.102060e-18 
3100 -3.072619e-18 3.173568e-18 1.042077e-18 1.038840e-18 1.092652e-18 
3110 -3.068282e-18 3.176446e-18 1.043649e-18 1.045768e-18 1.087028e-18 
3120 -3.064788e-18 3.173122e-18 1.040342e-18 1.050288e-18 1.082492e-18 
3130 -3.064740e-18 3.181275e-18 1.037570e-18 1.057663e-18 1.086042e-18 
3140 -3.068818e-18 3.185587e-18 1.030811e-18 1.062538e-18 1.092238e-18 
3150 -3.075413e-18 3.187375e-18 1.021566e-18 1.065526e-18 1.100283e-18 
3160 -3.081331e-18 3.192885e-18 1.013141e-18 1.069050e-18 1.110694e-18 
3170 -3.083915e-18 3.183974e-18 1.001049e-18 1.067108e-18 1.115817e-18 
3180 -3.084881e-18 3.184739e-18 9.939709e-19 1.067508e-18 1.123260e-18 
3190 -3.085470e-18 3.181676e-18 9.883000e-19 1.065577e-18 1.127800e-18 
3200 -3.088934e-18 3.184804e-18 9.873151e-19 1.065279e-18 1.132210e-18 
3210 -3.096050e-18 3.187626e-18 9.885803e-19 1.065717e-18 1.133329e-18 
3220 -3.104109e-18 3.195648e-18 9.929722e-19 1.069624e-18 1.133053e-18 
3230 -3.110042e-18 3.186883e-18 9.929322e-19 1.069530e-18 1.124421e-18 
3240 -3.111893e-18 3.188835e-18 9.967683e-19 1.073932e-18 1.118135e-18 
3250 -3.111294e-18 3.180354e-18 9.978101e-19 1.074911e-18 1.107633e-18 
3260 -3.110935e-18 3.180064e-18 1.001418e-18 1.078079e-18 1.100568e-18 
3270 -3.112867e-18 3.182779e-18 1.005183e-18 1.081414e-18 1.096181e-18 
3280 -3.115016e-18 3.184654e-18 1.007623e-18 1.083907e-18 1.093125e-18 
3290 -3.112389e-18 3.178389e-18 1.007207e-18 1.083687e-18 1.087495e-18 
3300 -3.101878e-18 3.167945e-18 1.006366e-18 1.082457e-18 1.079122e-18 
3310 -3.084103e-18 3.163313e-18 1.008969e-18 1.083523e-18 1.070821e-18 
3320 -3.063356e-18 3.142129e-18 1.007962e-18 1.078846e-18 1.055321e-18 
3330 -3.043953e-18 3.161044e-18 1.021465e-18 1.087511e-18 1.052068e-18 
3340 -3.031520e-18 3.148141e-18 1.026390e-18 1.085363e-18 1.036389e-18 
3350 -3.030040e-18 3.179300e-18 1.047186e-18 1.100102e-18 1.032013e-18 
3360 -3.037055e-18 3.186548e-18 1.061463e-18 1.108687e-18 1.016398e-18 
3370 -3.048509e-18 3.192201e-18 1.076300e-18 1.116701e-18 9.991999e-19 
3380 -3.061152e-18 3.204808e-18 1.094090e-18 1.124594e-18 9.861236e-19 
3390 -3.071300e-18 3.191466e-18 1.102454e-18 1.120758e-18 9.682539e-19 
3400 -3.074660e-18 3.194793e-18 1.114401e-18 1.122148e-18 9.582436e-19 
3410 -3.070007e-18 3.176199e-18 1.115213e-18 1.116618e-18 9.443685e-19 
3420 -3.059715e-18 3.166349e-18 1.114917e-18 1.114695e-18 9.367373e-19 
3430 -3.049001e-18 3.170171e-18 1.115702e-18 1.116696e-18 9.377735e-19 
3440 -3.040606e-18 3.161608e-18 1.109759e-18 1.111753e-18 9.400966e-19 
3450 -3.036035e-18 3.176819e-18 1.111313e-18 1.111404e-18 9.541019e-19 
3460 -3.036700e-18 3.177821e-18 1.107859e-18 1.102074e-18 9.678871e-19 
3470 -3.041712e-18 3.185894e-18 1.106951e-18 1.092173e-18 9.867700e-19 
3480 -3.047827e-18 3.192245e-18 1.105665e-18 1.080429e-18 1.006150e-18 
3490 -3.054572e-18 3.188476e-18 1.101677e-18 1.065697e-18 1.021101e-18 
3500 -3.063910e-18 3.198693e-18 1.103926e-18 1.057049e-18 1.037718e-18 
3510 -3.077814e-18 3.194888e-18 1.102869e-18 1.045485e-18 1.046533e-18 
3520 -3.093530e-18 3.210770e-18 1.109825e-18 1.041959e-18 1.058987e-18 
3530 -3.107667e-18 3.195085e-18 1.106600e-18 1.029336e-18 1.059148e-18 
3540 -3.117450e-18 3.204531e-18 1.112483e-18 1.025680e-18 1.066367e-18 
3550 -3.122647e-18 3.186387e-18 1.109164e-18 1.014085e-18 1.063139e-18 
3560 -3.127565e-18 3.191105e-18 1.114260e-18 1.010914e-18 1.065931e-18 
3570 -3.134820e-18 3.188206e-18 1.117255e-18 1.006331e-18 1.064620e-18 
3580 -3.145024e-18 3.198240e-18 1.125350e-18 1.006152e-18 1.066738e-18 
3590 -3.155021e-18 3.191317e-18 1.127817e-18 1.000226e-18 1.063273e-18 
3600 -3.161658e-18 3.197985e-18 1.134765e-18 9.981250e-19 1.065096e-18 
3610 -3.161188e-18 3.180682e-18 1.132008e-18 9.889363e-19 1.059737e-18 
3620 -3.152363e-18 3.171823e-18 1.130291e-18 9.841524e-19 1.057380e-18 
3630 -3.135714e-18 3.164270e-18 1.126655e-18 9.829362e-19 1.054679e-18 
3640 -3.114400e-18 3.142689e-18 1.115660e-18 9.813518e-19 1.045677e-18 
3650 -3.092807e-18 3.159495e-18 1.116574e-18 9.954759e-19 1.047445e-18 
3660 -3.077498e-18 3.144190e-18 1.105627e-18 1.001730e-18 1.036832e-18 
3670 -3.072460e-18 3.176318e-18 1.112161e-18 1.023167e-18 1.040990e-18 
3680 -3.077730e-18 3.182091e-18 1.110829e-18 1.034596e-18 1.036667e-18 
3690 -3.088112e-18 3.192275e-18 1.112156e-18 1.045268e-18 1.034851e-18 
3700 -3.098409e-18 3.202569e-18 1.113960e-18 1.053975e-18 1.034635e-18 
3710 -3.103460e-18 3.185966e-18 1.106254e-18 1.052119e-18 1.027594e-18 
3720 -3.101330e-18 3.183429e-18 1.102684e-18 1.053573e-18 1.027172e-18 
3730 -3.090619e-18 3.169598e-18 1.093674e-18 1.050626e-18 1.025298e-18 
3740 -3.069861e-18 3.148874e-18 1.080089e-18 1.045404e-18 1.023381e-18 
3750 -3.041762e-18 3.153429e-18 1.073291e-18 1.048623e-18 1.031515e-18 
3760 -3.015007e-18 3.126512e-18 1.056006e-18 1.040418e-18 1.030088e-18 
3770 -2.996650e-18 3.162797e-18 1.062499e-18 1.051389e-18 1.048909e-18 
3780 -2.988923e-18 3.155472e-18 1.056172e-18 1.046991e-18 1.052309e-18 
3790 -2.988038e-18 3.179723e-18 1.060087e-18 1.054538e-18 1.065098e-18 
3800 -2.986091e-18 3.177772e-18 1.053675e-18 1.056721e-18 1.067376e-18 
3810 -2.980200e-18 3.175366e-18 1.045714e-18 1.062679e-18 1.066972e-18 
3820 -2.973312e-18 3.168549e-18 1.035665e-18 1.070407e-18 1.062476e-18 
3830 -2.969908e-18 3.177648e-18 1.030952e-18 1.085180e-18 1.061516e-18 
3840 -2.970838e-18 3.178711e-18 1.024472e-18 1.097179e-18 1.057059e-18 
3850 -2.973307e-18 3.183114e-18 1.020599e-18 1.108956e-18 1.053558e-18 
3860 -2.972935e-18 3.182573e-18 1.016856e-18 1.116696e-18 1.049021e-18 
3870 -2.968582e-18 3.176733e-18 1.012499e-18 1.119659e-18 1.044575e-18 
3880 -2.961635e-18 3.169924e-18 1.008065e-18 1.119099e-18 1.042760e-18 
3890 -2.955120e-18 3.174641e-18 1.007660e-18 1.119213e-18 1.047767e-18 
3900 -2.953054e-18 3.172646e-18 1.006950e-18 1.113299e-18 1.052397e-18 
3910 -2.958373e-18 3.186506e-18 1.014626e-18 1.109548e-18 1.062333e-18 
3920 -2.971670e-18 3.200039e-18 1.025339e-18 1.103714e-18 1.070986e-18 
3930 -2.991371e-18 3.200447e-18 1.032676e-18 1.093813e-18 1.073958e-18 
3940 -3.013222e-18 3.222229e-18 1.044948e-18 1.093796e-18 1.083486e-18 
3950 -3.034892e-18 3.202656e-18 1.040391e-18 1.083066e-18 1.079198e-18 
3960 -3.057096e-18 3.224996e-18 1.046049e-18 1.089171e-18 1.089776e-18 
3970 -3.081563e-18 3.205384e-18 1.035300e-18 1.082047e-18 1.088037e-18 
3980 -3.106557e-18 3.230342e-18 1.036692e-18 1.089312e-18 1.104338e-18 
3990 -3.127916e-18 3.202273e-18 1.019388e-18 1.077679e-18 1.105205e-18 
